
S.N MBHP QO Qg QW TBG DEPTH API STM BTM P wh
1 2804 4600 2693.37 11000 4 6621 32.6 90 212 175
2 2368 700 411.69 1300 2.441 6271 32.6 90 212 230
3 2343 8616 4230.46 2500 3.813 6294 36.5 156 208 285
4 2161 2983 1023.09 905 3.958 6345 32.8 90 180 220
5 2289 3792 1749.74 3796 4 6340 32.6 90 212 210
6 2641 1079 593.45 900 1.995 6565 36 156 211 230
7 2565 14624 8057.82 1256 3.958 6518 36 157 210 250
8 2615 3500 1968.61 5800 3.958 6653 32.6 90 212 320
9 2888 980 514.85 2910 3.958 6675 32.6 90 212 460
10 2449 3050 1820.85 3000 3.958 6727 36.5 152 212 250
11 2403 8314 4484.19 3712 4 6323 32.6 90 212 235
12 2023 10812 5140.02 0 4 6666 32.6 90 212 280
13 2049 5486 2984.98 2498 4 6790 32.6 90 212 200
14 2353 11311 5950.39 0 4 6553 32.6 90 212 400
15 1932 1041 124.92 0 3.813 4949 30 100 162 215
16 2670 4957 2738.60 8400 3.958 6659 32.6 90 212 250
17 2646 7300 6263.40 940 2.992 6350 37 155 209 545
18 2415 9000 4765.46 3400 3.958 6619 32.6 90 212 260
19 2712 15975 8802.23 10 3.813 6708 36 159 212 330
20 2610 4200 3977.40 1000 2.441 6317 37 152 210 515
21 2679 15770 13562.20 0 3.813 6563 37 157 211 580
22 2163 1129 135.48 0 3.813 4964 30 114 162 340
23 2472 13621 6388.25 0 3.813 6345 36.5 157 208 290
24 2598 6570 5046.70 0 4 6412 32.6 90 212 780
25 2776 9800 8457.40 4900 3.958 6709 37 156 212 590
26 3038 1650 1278.39 7150 3.958 6988 32.6 90 212 240
27 2770 19370 11040.90 0 3.813 6756 36 160 213 295
28 3217 1439 823.54 10785 3.958 7007 32.6 90 212 290
29 2354 3926 2223.61 3174 3.958 7079 32.6 90 212 195
30 2533 15092 12632.00 0 3.958 6035 37 158 205 580
31 2857 2638 2015.43 8160 3.958 6594 36.5 156 211 270
32 2631 3555 1261.60 326 4 6376 32.8 90 180 570
33 2447 5699 3077.46 5880 3.958 6381 36.5 155 209 190
34 2631 1497 481.78 0 4 6349 32.8 90 180 600
35 2945 2300 1219.40 7100 3.958 6929 32.6 90 212 250
36 2099 1160 139.20 0 3.813 5078 30 123 162 302
37 2489 7321 4026.55 4173 3.958 6550 36 158 210 312
38 2392 8200 4460.80 1450 3.813 6543 36.5 154 210 320
39 2239 13215 5581.13 300 3.958 6310 32.6 90 212 240
40 2448 6400 3296.00 4600 3.958 6664 36.5 154 212 200
41 2044 5966 715.92 0 3.813 4550 30 127 163 368
42 2447 13986 7244.75 113 3.813 6625 36.5 156 211 205
43 2585 3527 1378.24 0 4 6574 32 90 190 640
44 2611 14242 6693.74 0 3.813 6857 36.5 157 209 210
45 2956 2245 1336.96 9297 3.958 6538 32.6 90 212 380
46 1989 3614 433.68 217 3.958 5050 30 125 162 104
47 2557 5583 2935.93 6744 4 6535 32.6 90 212 205
48 2453 3400 2312.00 7900 3.813 6062 36.5 154 206 200
49 2423 6840 4035.60 5078 3.958 6447 36.5 154 209 175
50 2250 4700 2431.14 4500 3.958 6760 32.6 90 212 180
51 2122 8739 4572.49 2349 3.958 6759 32.6 90 212 200
52 2723 2020 945.36 6128 3.958 6586 36.5 155 211 205
53 2741 18110 9852.85 998 4 6750 32.6 90 212 210
54 3105 1080 724.08 7240 3.958 6450 32.6 90 212 450
55 2681 1300 699.42 3500 3.958 6935 32.6 90 212 250
56 2503 14360 7180.00 0 3.958 6731 36.5 157 212 230
57 2776 2470 1528.62 8480 3.958 6363 32.6 90 212 275
58 2190 989 118.68 10 3.958 5050 30 106 161 282
59 2504 6700 3936.40 800 4 6368 32.6 90 212 620
60 2405 4213 1683.09 4700 3.958 6332 32.6 90 212 240
61 2163 2187 262.44 0 3.813 4950 30 105 162 400
62 2681 3832 2404.12 9417 3.958 6640 32.6 90 212 190
63 2402 2993 1451.07 5628 3.958 6519 32.6 90 212 210
64 2541 3100 1788.09 5300 3.958 6803 32.6 90 212 210
65 2667 18603 10399.08 531 3.813 6500 36.5 158 210 200
66 2529 3750 2448.75 3214 3.958 6826 36.5 153 213 340
67 2716 13200 11220.00 0 3.813 6826 37 155 215 760
68 2853 10200 8772.00 3900 3.958 6897 37 156 214 570
69 2251 9843 4051.71 2117 3.958 6297 32.6 90 212 250
70 2542 18146 9998.45 0 3.958 6366 36 160 209 270 X252
71 2367 12388 5980.02 812 3.958 6618 32.6 90 212 380 C031
72 2053 8563 3758.81 1875 3.958 6409 32.6 90 212 260 C090
73 2951 1100 613.89 5200 3.958 6447 32.6 90 212 320 C003
74 2505 323 322.68 1119 1.995 7100 37 155 215 80 X312
75 2293 14848 4188.49 0 3.958 6230 32.6 90 212 290 C150
76 2391 7507 4504.20 0 3.958 6541 36.5 156 210 550 X036
77 2262 13728 7220.93 0 3.813 5995 36.5 157 205 220 X047
78 2633 4000 2472.00 5496 3.958 6492 36.5 155 210 350 X050
79 2306 13354 5971.29 0 4 6516 32.6 90 212 285 C147
80 2306 3700 1827.80 1620 3.958 6363 32.6 90 212 340 C054
81 2024 280 33.60 0 3.813 5082 30 76 162 88 X402
82 2335 6459 2027.82 0 3.958 6854 32.8 90 180 390 A008
83 2396 3913 1522.16 10 3.958 6493 32.8 90 180 476 A015
84 2107 2350 282.00 118 3.958 5050 30 115 162 200 X389
85 2894 1958 1174.80 6199 3.958 6628 36.5 156 211 470 X034
86 2186 6454 3032.46 493 3.958 6735 32.6 90 212 420 C109
87 2692 886 885.11 5578 3.958 6778 36.5 155 208 220 X015
88 2259 10648 4459.96 1183 3.958 6493 32.6 90 212 320 C075
89 2541 2525 1156.97 659 2.992 6854 32 90 190 400 B002
90 2621 9276 5519.22 5616 3.958 6688 36 158 212 220 X249
91 2278 4137 579.18 0 3.958 5189 30 97 162 350 X380
92 2561 12397 10636.63 1672 3.813 6163 37 156 207 570 X344
93 2744 3000 2400.00 0 1.995 6454 37 153 207 470
94 2141 7481 3441.58 3052 3.958 6341 32.6 90 212 210
95 2766 344 177.16 3956 3.958 6452 36.5 150 210 185
96 2127 8033 963.96 0 3.813 5100 30 135 162 140
97 2740 1193 938.89 0 1.995 6597 37 154 211 560
98 2484 2739 1369.50 3377 3.958 6533 36.5 153 210 285
99 2838 7790 5474.61 5485 3.958 6864 32.6 90 212 375
100 2686 5750 4025.00 6300 3.813 6701 36.5 152 212 220
101 2342 11390 5125.50 1210 3.813 6312 36.5 157 208 200
102 2671 19618 9730.53 0 3.813 6499 36 150 210 270
103 1227 887 502.93 252 3.813 6200 36.5 150 207 150
104 2453 4700 2512.54 5600 3.958 6541 32.6 90 212 220
105 2863 9600 8112.00 3400 3.813 7028 37 155 215 620
106 2571 6798 3231.34 5603 3.958 6809 32.6 90 212 235
107 2710 2952 1549.80 130 1.995 6630 36 158 211 180
108 2082 2350 75.20 0 3.958 5071 30 127 162 225
109 2923 5964 3257.01 9022 3.958 6899 32.6 90 212 220
110 2685 13898 8130.33 43 3.813 6582 36.5 155 211 590
111 1837 600 299.88 800 4 5617 32 90 190 200
112 1991 2124 1073.00 776 3.958 6498 32.6 90 212 205
113 2484 4760 2451.40 6340 3.958 6500 36.5 156 210 180
114 2084 4940 592.80 0 3.813 4650 30 123 157 390
115 3105 1080 672.84 7240 3.958 6444 36.5 150 209 450
116 2482 10000 5300.00 3100 3.813 6336 36.5 155 208 200 X144
117 2681 1300 938.60 3624 3.813 6929 36.5 151 214 250 X062
118 2642 4763 2877.73 3836 3.958 6906 32.6 90 212 500 C023
119 2110 11258 1350.96 0 3.958 5050 30 103 162 130 X370
120 1975 942 113.04 0 3.813 4949 30 99 162 235 X403
121 2769 2843 1487.63 1875 4 6727 32.6 90 212 520 C044
122 2707 14700 12495.00 800 3.958 6781 37 156 213 540 X325
123 2766 3052 1754.90 108 1.995 6654 36 159 212 300 X231
124 2269 13655 7592.18 0 3.958 6128 36.5 155 206 220 X013
1 2902 1585 1012.30 2548 4 6562 32.6 90 212 430 C193
2 2309 11093 5805.54 1578 3.958 6448 32.6 90 212 300 C091
3 2521 1587 844.86 747 3.958 5957 32.6 90 212 500 C252
4 2577 3265 2123.77 1910 4 6262 32.6 90 212 450 C152
5 2550 5883 3276.83 6144 3.958 6512 32.6 90 212 230 C203
6 2531 1256 810.12 2634 3.813 6285 36 150 208 760 X205
7 1911 1890 226.80 0 3.958 5100 30 108 162 95 X408
8 2769 15500 12586.00 0 3.958 6876 37 158 214 540 X337
9 2825 14800 12580.00 0 3.813 6834 37 155 215 800 X320
10 2429 15655 7483.09 287 3.958 6308 36.5 158 208 280 X032
11 2272 4000 2172.13 3144 3.958 6594 32.6 90 212 220 C102
12 2936 1567 1278.21 7312 3.958 6767 32.6 90 212 240 C280
13 2718 4600 2359.74 6900 3.958 6507 32.6 90 212 265 C011
14 2537 3895 3320.73 2100 3.958 6834 32.6 90 212 440 C032
15 1945 2717 86.94 0 3.958 5071 30 135 162 120 X379
16 2115 10069 4949.02 1794 3.958 6437 32.6 90 212 240 C065
17 3124 700 410.92 5200 3.958 6998 32.6 90 212 290 C272
18 2288 12684 6215.16 453 3.958 6071 36.5 157 206 300 X090
19 2102 2825 339.00 0 3.813 4964 30 118 162 290 X399
20 2173 680 81.60 0 3.813 5078 30 110 162 366 X395
21 2329 8000 3749.59 0 3.958 6642 32.6 90 212 470 C224
22 2423 7480 4540.36 1 2.992 6406 36 156 209 180 X230
23 2448 12335 6167.50 1073 3.813 6591 36.5 156 211 220 X117
24 2299 9504 7650.72 1120 3.813 6163 37 155 207 450 X345
25 2482 2700 1508.92 6600 4 6308 32.6 90 212 210 C285
26 2920 2900 1531.59 9300 3.958 6803 32.6 90 212 210 C089
27 2876 600 169.09 2200 3.958 6901 32.8 90 180 140 A004
28 2522 6396 4266.13 5256 3.813 6780 36.5 155 213 190 X105
29 2157 9866 1381.24 0 3.958 5189 30 124 162 188 X382
30 3088 469 336.41 5295 3.958 6742 32.6 90 212 305 C197
31 2920 9720 6995.71 5565 3.958 6847 32.6 90 212 370 C062
32 2833 2600 1354.72 3800 3.958 6736 32.6 90 212 460 C174
33 2262 1238 698.38 2274 3.958 5810 32.6 90 212 320 C127
34 2805 17243 9225.01 696 3.813 6714 36 160 212 320 X268
35 2497 5600 3550.40 5400 3.813 6498 36.5 152 210 200 X024
36 2423 6840 3742.63 5078 4 6447 32.6 90 212 175 C235
37 2370 2198 1044.47 3230 3.958 6555 32.6 90 212 210 C163
38 3048 781 413.03 1131 3.958 6700 32.6 90 212 560 C254
39 2898 1855 1595.30 0 2.441 7043 37 150 210 960 X363
40 2535 5000 2424.66 5200 3.958 6639 32.6 90 212 310 C026
41 2296 5200 2595.22 3900 3.958 6777 32.6 90 212 200 C050
1 2192 2357 282.84 0 3.813 5126 30 115 162 365 X392
2 2934 1830 1043.94 2860 3.958 6648 32.6 90 212 575 C245
3 2112 4007 480.84 0 3.813 5126 30 123 162 295 X393
4 2349 13567 6329.51 1012 3.958 6468 32.6 90 212 260 C230
5 2781 2419 1254.90 5496 4 6918 32.6 90 212 275 C276
6 2360 3550 1746.09 4550 3.958 6849 32.6 90 212 230 C035
7 2090 10830 5128.77 0 4 6514 32.6 90 212 290 C144
8 2701 1800 1123.08 6500 3.958 6270 32.6 90 212 280 C297
9 2658 7838 4232.18 552 3.958 6284 32.6 90 212 660 C095
10 2218 13052 5523.98 139 4 6406 32.6 90 212 240 C131
11 2332 2680 1447.20 2331 3.958 6516 36.5 151 210 190 X081
12 2553 5382 2904.80 6023 3.958 6722 32.6 90 212 230 C290
13 2080 4025 483.00 0 3.813 4950 30 124 162 320 X375
14 2684 15867 7949.37 687 3.813 6629 36.5 157 211 240 X156
15 2679 7400 4125.06 7800 3.958 6360 32.6 90 212 210 C191
16 2491 8490 4414.80 5361 3.813 6081 36.5 154 206 195 X024
17 1906 4423 2026.03 2288 3.958 6458 32.6 90 212 180 C027
18 2250 4700 2457.65 4500 3.958 6450 32.6 90 212 180 C072
19 2083 3155 378.60 0 3.813 4550 30 121 163 434 X371
20 2965 4800 2546.07 10500 3.958 6700 32.6 90 212 280 C002
21 2168 3607 1119.88 1678 3.958 6392 32.8 90 180 215 A005
22 1995 6101 3067.24 2603 3.958 6173 32.6 90 212 200 C232
23 2624 8045 4827.00 4128 3.813 6623 36 159 211 220 X259
24 2367 13400 7825.60 2629 3.813 5827 36.5 156 203 230 X112
25 2596 3600 1872.00 3500 3.958 6840 36.5 153 213 350 X086
26 2709 5194 2745.43 6556 3.958 6674 32.6 90 212 285 C018
27 2136 1120 134.40 0 3.813 5078 30 116 162 332 X396
28 2984 840 499.78 1160 3.958 6532 32.6 90 212 540 C110
29 2820 9902 8278.07 4496 3.813 6886 37 155 214 540 X336
30 2370 5780 3095.98 5209 3.958 6919 32.6 90 212 180 C289
31 2504 7290 3754.35 3904 3.813 6500 36.5 157 210 280 X103
32 2572 5240 2679.14 3876 3.958 6773 32.6 90 212 345 C021
33 2717 4300 2787.29 2300 3.958 6015 32.6 90 212 750 C014
34 2699 9293 4730.14 6379 3.958 6400 36.5 159 209 220 X030
35 2084 4801 1413.09 0 4 6245 32.8 90 180 300 A012
36 2312 4752 3792.10 2700 3.813 6180 37 152 208 400 X326
37 2483 16437 8136.32 0 3.958 6427 36.5 158 209 280 X100
38 2444 11521 8087.74 1683 3.958 6369 36.5 157 209 400 X037
39 2563 3600 2301.92 1750 3.958 6260 32.6 90 212 640 C049
40 2822 2924 1431.85 7659 3.958 6933 32.6 90 212 225 C060
41 2349 13629 5162.91 458 3.958 6285 32.6 90 212 280 C137